axisAngle: [-0.0479301, -1.60969, 0.0174768] 
translation: [10.0889, 58.8125, -246.828] 
scaleU : -1.89463
scaleV : -1.4377
offsetU : 0.360387
offsetV : 0.478025
K1 : 0.00319267
K2 : -0.00574537
rotationMatrix: [[-0.0387686, 0.0200835, -0.999046], [0.04177, 0.998957, 0.0184608], [0.998375, -0.0410145, -0.0395671]]