axisAngle: [0.257289, -5.46735, -0.066065] 
translation: [15.782, 59.2862, -156.67] 
scaleU : -1.58464
scaleV : -1.18743
offsetU : 0.475174
offsetV : 0.482473
K1 : -0.00305478
K2 : 0.00391147
rotationMatrix: [[0.690625, -0.0232934, 0.722838], [-0.00582025, 0.99927, 0.0377623], [-0.72319, -0.0302867, 0.689985]]