axisAngle: [-0.0495372, -1.91945, 0.0310823] 
translation: [-10.4513, 51.6557, -236.262] 
scaleU : -1.71292
scaleV : -1.2958
offsetU : 0.605055
offsetV : 0.514124
K1 : 0.0392942
K2 : -0.0208472
rotationMatrix: [[-0.34158, 0.0194074, -0.939652], [0.0498214, 0.998755, 0.00251714], [0.938531, -0.045955, -0.342122]]