axisAngle: [-0.0630959, 0.0616815, 0.0236916] 
translation: [-16.9042, 54.1026, -191.206] 
offsetU : -1.7888
offsetV : -1.34194
scaleU : 0.565211
scaleV : 0.51136
K1 : 0.0127619
K2 : -0.00259574
rotationMatrix: [[0.997819, -0.0256032, 0.0608488], [0.0217141, 0.99773, 0.0637383], [-0.0623426, -0.062278, 0.99611]]