axisAngle: [-0.0401478, -2.75496, 0.0279881] 
translation: [33.5513, 53.1342, -240.886] 
scaleU : -1.78529
scaleV : -1.34467
offsetU : 0.445027
offsetV : 0.509069
K1 : 0.0239403
K2 : -0.0140706
rotationMatrix: [[-0.92594, 0.0242376, -0.376892], [0.0318896, 0.999392, -0.0140757], [0.376322, -0.0250522, -0.92615]]