axisAngle: [-0.0603652, 1.64207, -0.0389391] 
translation: [28.8273, 42.8476, -192.074] 
scaleU : -1.78005
scaleV : -1.33399
offsetU : 0.56341
offsetV : 0.596285
K1 : 0.00814737
K2 : -0.000244929
rotationMatrix: [[-0.0713293, -0.0157338, 0.997329], [-0.0629898, 0.997951, 0.0112385], [-0.995462, -0.0620199, -0.0721742]]