axisAngle: [-0.0559364, -0.746083, 0.0287857] 
translation: [-28.5764, 68.7115, -255.767] 
scaleU : -2.17423
scaleV : -1.6397
offsetU : 0.588888
offsetV : 0.411058
K1 : 0.016206
K2 : -0.00926148
rotationMatrix: [[0.734046, -0.00626078, -0.67907], [0.0460804, 0.998112, 0.0406088], [0.677534, -0.0611006, 0.732949]]