axisAngle: [0.36038, -5.12676, 0.136053] 
translation: [45.902, 41.8227, -249.205] 
scaleU : -2.34577
scaleV : -1.7961
offsetU : 0.304324
offsetV : 0.603633
K1 : 0.0266407
K2 : -0.0126064
rotationMatrix: [[0.418666, -0.0167683, 0.907985], [-0.0649027, 0.99672, 0.0483332], [-0.905818, -0.0791662, 0.416205]]