axisAngle: [-0.0405582, -2.75248, 0.0296187] 
translation: [33.5526, 52.9209, -242.326] 
scaleU : -1.80079
scaleV : -1.3565
offsetU : 0.444298
offsetV : 0.510845
K1 : 0.0203734
K2 : -0.0119456
rotationMatrix: [[-0.925002, 0.0242849, -0.379186], [0.0324389, 0.999359, -0.0151292], [0.378575, -0.0262949, -0.925197]]