axisAngle: [0.183976, -4.63564, 0.123356] 
translation: [29.3362, 41.0438, -190.436] 
scaleU : -1.75925
scaleV : -1.31829
offsetU : 0.558188
offsetV : 0.608975
K1 : 0.00807779
K2 : 0.000480987
rotationMatrix: [[-0.0697165, -0.0159118, 0.99744], [-0.0689363, 0.997559, 0.0110954], [-0.995182, -0.0679862, -0.0706433]]