axisAngle: [-0.0894577, 1.12133, -0.0388327] 
translation: [54.8579, 42.2361, -263.255] 
scaleU : -2.46252
scaleV : -1.89554
offsetU : 0.223441
offsetV : 0.601746
K1 : 0.021063
K2 : -0.00785883
rotationMatrix: [[0.434269, -0.0139418, 0.900675], [-0.0762164, 0.995726, 0.0521616], [-0.897553, -0.0912984, 0.431351]]