axisAngle: [-0.0510464, 0.0416627, 0.0202505] 
translation: [-13.1124, 55.1963, -191.559] 
scaleU : -1.80321
scaleV : -1.35786
offsetU : 0.533892
offsetV : 0.506212
K1 : 0.0192464
K2 : -0.0116063
rotationMatrix: [[0.998927, -0.0212975, 0.0411131], [0.0191716, 0.998493, 0.0514277], [-0.0421464, -0.0505843, 0.99783]]