axisAngle: [0.221304, -4.28447, 0.502951] 
translation: [69.1488, 3.57972, -219.765] 
scaleU : -1.88563
scaleV : -1.40684
offsetU : 0.288434
offsetV : 0.858725
K1 : -0.0700671
K2 : 0.0542584
rotationMatrix: [[-0.379168, 0.0372976, 0.924576], [-0.177836, 0.977624, -0.112368], [-0.908078, -0.207029, -0.364051]]