axisAngle: [-0.0479444, -1.93839, 0.0268244] 
translation: [-3.24186, 53.3582, -236.55] 
scaleU : -1.722
scaleV : -1.30205
offsetU : 0.548524
offsetV : 0.505168
K1 : 0.0327128
K2 : -0.0180973
rotationMatrix: [[-0.359262, 0.0207088, -0.933007], [0.0465188, 0.998908, 0.00425903], [0.932077, -0.0418722, -0.359833]]