axisAngle: [-0.0934156, 0.857427, -0.015159] 
translation: [-16.6686, 79.8955, -149213] 
scaleU : 1426
scaleV : -1069.41
offsetU : 0.442766
offsetV : 0.357839
K1 : 0.0755962
K2 : -0.0523409
rotationMatrix: [[0.654538, -0.0242782, 0.755639], [-0.0509735, 0.995793, 0.0761477], [-0.754309, -0.0883592, 0.650547]]