axisAngle: [-0.0515697, -0.754657, 0.0252077] 
translation: [-20.6255, 60.5407, -227.446] 
scaleU : -1.93286
scaleV : -1.45194
offsetU : 0.520552
offsetV : 0.466678
K1 : 0.0135438
K2 : -0.0082888
rotationMatrix: [[0.728279, -0.00432173, -0.685267], [0.0414166, 0.99843, 0.0377195], [0.684028, -0.0558517, 0.727315]]