axisAngle: [-0.0516517, 0.040542, 0.0200058] 
translation: [-12.4852, 55.0466, -191.517] 
scaleU : -1.804
scaleV : -1.35742
offsetU : 0.528186
offsetV : 0.507391
K1 : 0.0190582
K2 : -0.0115574
rotationMatrix: [[0.998978, -0.0210367, 0.0399937], [0.0189435, 0.998467, 0.0520165], [-0.0410267, -0.0512058, 0.997845]]