axisAngle: [-0.0323087, -0.386307, 0.0145709] 
translation: [-14.8039, 55.1805, -188.697] 
scaleU : -1.72092
scaleV : -1.29348
offsetU : 0.495207
offsetV : 0.510025
K1 : -0.0042453
K2 : -0.00332715
rotationMatrix: [[0.92621, -0.0080455, -0.376923], [0.0203709, 0.99938, 0.0287252], [0.376458, -0.0342838, 0.925799]]