axisAngle: [-0.0473471, -1.58663, 0.0171524] 
translation: [3.59361, 59.3979, -241.493] 
scaleU : -1.86123
scaleV : -1.40683
offsetU : 0.410943
offsetV : 0.474736
K1 : 0.00120228
K2 : -0.0049234
rotationMatrix: [[-0.0157281, 0.0195034, -0.999686], [0.0411107, 0.998977, 0.0188428], [0.999031, -0.0408015, -0.0165138]]