axisAngle: [-0.0296663, -0.417579, 0.0129544] 
translation: [-8.46676, 54.8921, -178.407] 
scaleU : -1.62741
scaleV : -1.22121
offsetU : 0.437836
offsetV : 0.512512
K1 : -0.00600639
K2 : -0.00292743
rotationMatrix: [[0.913998, -0.00647501, -0.405667], [0.018683, 0.999484, 0.026141], [0.405288, -0.0314719, 0.913647]]