axisAngle: [-0.0483863, -1.94826, 0.0256567] 
translation: [-0.573353, 53.7478, -235.698] 
scaleU : -1.71529
scaleV : -1.29794
offsetU : 0.529865
offsetV : 0.503768
K1 : 0.028245
K2 : -0.0159738
rotationMatrix: [[-0.368433, 0.0217467, -0.9294], [0.0462135, 0.998919, 0.00505333], [0.928505, -0.041089, -0.36904]]