axisAngle: [0.080838, 0.0614359, 0.0163997] 
translation: [42.1009, -33.7439, -7.54095e+06] 
scaleU : 67639.1
scaleV : -52820
offsetU : 1.16991
offsetV : 1.07796
K1 : 0.137049
K2 : -0.0931506
rotationMatrix: [[0.99798, -0.0138899, 0.06199], [0.0188518, 0.996601, -0.0801923], [-0.0606654, 0.0811989, 0.99485]]