axisAngle: [-0.0462164, 0.0239835, 0.0190244] 
translation: [-9.68744, 55.8031, -187.362] 
scaleU : -1.77167
scaleV : -1.33289
offsetU : 0.503018
offsetV : 0.502981
K1 : 0.0147037
K2 : -0.00989379
rotationMatrix: [[0.999532, -0.0195687, 0.0235317], [0.0184606, 0.998751, 0.0464208], [-0.0244107, -0.0459647, 0.998645]]