axisAngle: [5.31713, -2.45392, 1.02764] 
translation: [93.6186, -31.2157, -224.576] 
scaleU : -1.38619
scaleV : -1.13751
offsetU : -0.153687
offsetV : 0.889784
K1 : 0.555737
K2 : -0.318266
rotationMatrix: [[0.988696, 0.036415, 0.145445], [-0.0780931, 0.95316, 0.292213], [-0.127992, -0.300268, 0.945229]]