axisAngle: [-0.0673783, -0.300225, 0.0400715] 
translation: [-21.5961, 46.3204, -178504] 
scaleU : 1529.73
scaleV : -1211.31
offsetU : 0.65612
offsetV : 0.552536
K1 : 0.226368
K2 : -0.174424
rotationMatrix: [[0.954497, -0.0293981, -0.296769], [0.049465, 0.996952, 0.0603352], [0.294091, -0.0722694, 0.953041]]