axisAngle: [-0.028326, -3.46162, -0.0100381] 
translation: [37.4982, 65.3162, -201.055] 
scaleU : -1.62515
scaleV : -1.24438
offsetU : 0.564873
offsetV : 0.44928
K1 : -0.0878921
K2 : 0.0480956
rotationMatrix: [[-0.949055, 0.0150361, 0.314752], [0.0168613, 0.999853, 0.00307668], [-0.31466, 0.00822707, -0.949169]]