axisAngle: [-0.0218986, -3.47644, -0.0731956] 
translation: [37.4339, 74.7785, -199.465] 
scaleU : -1.56273
scaleV : -1.20374
offsetU : 0.550739
offsetV : 0.374774
K1 : -0.0271577
K2 : 0.0212125
rotationMatrix: [[-0.944107, 0.0053066, 0.329598], [0.0191749, 0.999061, 0.03884], [-0.329082, 0.0429891, -0.943322]]