axisAngle: [-0.0413597, -2.74963, 0.0312358] 
translation: [33.3201, 52.7393, -241.35] 
scaleU : -1.79591
scaleV : -1.35243
offsetU : 0.446392
offsetV : 0.51321
K1 : 0.0119739
K2 : -0.00653301
rotationMatrix: [[-0.923914, 0.0246019, -0.381809], [0.0332692, 0.999317, -0.0161147], [0.381152, -0.027591, -0.924101]]