axisAngle: [-0.0400945, -3.11304, 0.0356712] 
translation: [39.9349, 57.5182, -208.191] 
scaleU : -1.59558
scaleV : -1.20226
offsetU : 0.482039
offsetV : 0.492997
K1 : -0.0812232
K2 : 0.0514711
rotationMatrix: [[-0.999274, 0.0254246, -0.0283728], [0.0260681, 0.999406, -0.0225443], [0.0277827, -0.0232675, -0.999343]]