axisAngle: [0.239952, -4.26329, 0.540181] 
translation: [66.7275, -0.893446, -218.321] 
scaleU : -1.86838
scaleV : -1.3877
offsetU : 0.311966
offsetV : 0.890268
K1 : -0.0846645
K2 : 0.0632753
rotationMatrix: [[-0.392728, 0.0380381, 0.918868], [-0.192335, 0.973652, -0.122511], [-0.899317, -0.224844, -0.375065]]