axisAngle: [0.258088, -5.46272, -0.0636748] 
translation: [14.8156, 58.9141, -158.879] 
scaleU : -1.60616
scaleV : -1.20313
offsetU : 0.485041
offsetV : 0.485284
K1 : -0.00320814
K2 : 0.00375604
rotationMatrix: [[0.687293, -0.0232365, 0.726009], [-0.00630742, 0.99926, 0.0379532], [-0.726353, -0.0306642, 0.686638]]