axisAngle: [-0.0111886, -3.88465, 0.000590106] 
translation: [42.0596, 58.5663, -198.688] 
scaleU : -1.68965
scaleV : -1.27211
offsetU : 0.532671
offsetV : 0.482873
K1 : -0.00846694
K2 : 0.00547768
rotationMatrix: [[-0.736381, 0.00510392, 0.676547], [0.00489838, 0.999986, -0.00221237], [-0.676549, 0.00168483, -0.736396]]