axisAngle: [-0.0374384, -1.17893, 0.0118385] 
translation: [-10.4561, 65.9845, -231.361] 
scaleU : -1.89709
scaleV : -1.41773
offsetU : 0.465022
offsetV : 0.434453
K1 : -0.00227253
K2 : -0.00459036
rotationMatrix: [[0.381935, 0.0103476, -0.924131], [0.0289034, 0.999314, 0.023135], [0.923737, -0.0355466, 0.381374]]