axisAngle: [-0.0464861, -1.67071, 0.00982321] 
translation: [34.7682, 61.8417, -259.865] 
scaleU : -1.95099
scaleV : -1.53213
offsetU : 0.175696
offsetV : 0.461292
K1 : -0.0062206
K2 : -0.0026245
rotationMatrix: [[-0.0995647, 0.0247459, -0.994723], [0.0364411, 0.999111, 0.0212076], [0.994364, -0.0341373, -0.100378]]