axisAngle: [-0.0376007, -1.17044, 0.0126377] 
translation: [-13.8221, 64.6248, -223.733] 
scaleU : -1.82943
scaleV : -1.3644
offsetU : 0.492689
offsetV : 0.442922
K1 : 0.000782872
K2 : -0.00586888
rotationMatrix: [[0.389761, 0.00966122, -0.920865], [0.0295426, 0.999299, 0.0229882], [0.920442, -0.0361646, 0.389203]]