axisAngle: [-0.0355691, -1.17847, 0.0103948] 
translation: [-11.71, 66.9875, -228.161] 
scaleU : -1.8765
scaleV : -1.39954
offsetU : 0.476552
offsetV : 0.42856
K1 : -0.00450372
K2 : -0.00396392
rotationMatrix: [[0.382359, 0.010492, -0.923954], [0.0267888, 0.999389, 0.0224346], [0.923626, -0.0333297, 0.381844]]