axisAngle: [0.222388, -4.62275, 0.161998] 
translation: [28.4883, 36.2497, -192.92] 
scaleU : -1.76528
scaleV : -1.32065
offsetU : 0.565102
offsetV : 0.642166
K1 : 0.00704371
K2 : 0.00311548
rotationMatrix: [[-0.0788733, -0.0169722, 0.99674], [-0.0867036, 0.996183, 0.0101018], [-0.993107, -0.0856242, -0.0800437]]