axisAngle: [-0.0534327, -0.751036, 0.0268131] 
translation: [-24.9385, 62.4761, -236.126] 
scaleU : -2.00799
scaleV : -1.51036
offsetU : 0.558281
offsetV : 0.453614
K1 : 0.0130089
K2 : -0.00789705
rotationMatrix: [[0.73072, -0.00521389, -0.682657], [0.0434811, 0.998296, 0.0389178], [0.681291, -0.0581207, 0.729702]]