axisAngle: [-0.0403989, -3.10561, 0.043197] 
translation: [38.5693, 55.6864, -207.348] 
scaleU : -1.58603
scaleV : -1.19267
offsetU : 0.492192
offsetV : 0.505641
K1 : -0.0824294
K2 : 0.052226
rotationMatrix: [[-0.999035, 0.0255066, -0.0357682], [0.0264916, 0.999275, -0.0273393], [0.0350449, -0.0282604, -0.998986]]