axisAngle: [0.00793509, 2.39297, 0.00272374] 
translation: [42.8793, 59.3924, -198.964] 
scaleU : -1.69691
scaleV : -1.27739
offsetU : 0.525984
offsetV : 0.477169
K1 : -0.00774586
K2 : 0.00453239
rotationMatrix: [[-0.732618, 0.00497066, 0.680622], [0.00652005, 0.999979, -0.000284814], [-0.680609, 0.00422903, -0.732635]]