axisAngle: [0.41016, -5.10021, 0.176824] 
translation: [41.1269, 36.7172, -234.39] 
scaleU : -2.20422
scaleV : -1.68072
offsetU : 0.349556
offsetV : 0.640511
K1 : 0.0222443
K2 : -0.00794601
rotationMatrix: [[0.400042, -0.016479, 0.916349], [-0.0799028, 0.995404, 0.052783], [-0.913007, -0.0943343, 0.396886]]