axisAngle: [-0.0110335, -3.88351, 0.0043054] 
translation: [42.2991, 58.2867, -198.637] 
scaleU : -1.68968
scaleV : -1.27242
offsetU : 0.530865
offsetV : 0.484959
K1 : -0.0116938
K2 : 0.00768938
rotationMatrix: [[-0.737148, 0.00568457, 0.675708], [0.00418633, 0.999984, -0.00384565], [-0.675719, -6.0758e-06, -0.73716]]