axisAngle: [-0.0339668, -0.397358, 0.014975] 
translation: [-12.7358, 55.2113, -184.726] 
scaleU : -1.67961
scaleV : -1.26271
offsetU : 0.475986
offsetV : 0.509505
K1 : -0.0031295
K2 : -0.00362827
rotationMatrix: [[0.921985, -0.00792125, -0.387145], [0.02124, 0.99932, 0.0301363], [0.386643, -0.0360082, 0.921526]]