axisAngle: [5.45935, -2.16591, 1.03331] 
translation: [96.0999, -27.1772, -213.797] 
scaleU : -1.28076
scaleV : -1.07104
offsetU : -0.155986
offsetV : 0.859512
K1 : 0.607037
K2 : -0.359497
rotationMatrix: [[0.991796, 0.0376077, 0.122174], [-0.0712979, 0.95602, 0.284505], [-0.106102, -0.290882, 0.950858]]