axisAngle: [-0.0424373, -2.38919, 0.016344] 
translation: [27.5362, 55.5313, -251.993] 
scaleU : -1.8482
scaleV : -1.40776
offsetU : 0.404029
offsetV : 0.493494
K1 : 0.0376688
K2 : -0.0260563
rotationMatrix: [[-0.729797, 0.0260516, -0.683167], [0.0353956, 0.999373, 0.000298182], [0.682747, -0.0239635, -0.730262]]