axisAngle: [-0.0899894, 1.96609, -0.198112] 
translation: [62.719, 11.3583, -210.663] 
scaleU : -1.82701
scaleV : -1.37013
offsetU : 0.34459
offsetV : 0.815863
K1 : -0.0789727
K2 : 0.0555693
rotationMatrix: [[-0.393237, 0.0288316, 0.918985], [-0.155089, 0.983106, -0.0972064], [-0.906263, -0.18075, -0.382122]]