axisAngle: [-0.035838, -0.38487, 0.0160616] 
translation: [-14.2978, 56.8827, -188.393] 
offsetU : -1.70416
offsetV : -1.28312
scaleU : 0.488203
scaleV : 0.496066
K1 : 0.00463386
K2 : -0.00301279
rotationMatrix: [[0.926729, -0.00885302, -0.375625], [0.0224748, 0.999238, 0.0318982], [0.375057, -0.0380031, 0.926223]]