axisAngle: [-0.0377279, 0.804199, 0.0099339] 
translation: [16.682, 59.3477, -154.722] 
scaleU : -1.56492
scaleV : -1.17332
offsetU : 0.465945
offsetV : 0.481796
K1 : -0.00214063
K2 : 0.00355134
rotationMatrix: [[0.693681, -0.0232632, 0.719907], [-0.00547349, 0.999279, 0.037565], [-0.720261, -0.0299985, 0.693054]]