axisAngle: [-0.0417542, -2.39113, 0.0134327] 
translation: [26.9684, 57.0746, -253.347] 
scaleU : -1.86936
scaleV : -1.42168
offsetU : 0.410679
offsetV : 0.483923
K1 : 0.0349714
K2 : -0.0250781
rotationMatrix: [[-0.731116, 0.0263992, -0.681742], [0.034057, 0.999418, 0.00217711], [0.681402, -0.0216263, -0.73159]]