axisAngle: [-0.399432, 0.128572, -0.0958797] 
translation: [108.59, -68.4503, -246.053] 
scaleU : -1.35581
scaleV : -1.07712
offsetU : -0.201672
offsetV : 0.980183
K1 : 0.859871
K2 : -0.539909
rotationMatrix: [[0.987336, 0.0676625, 0.143493], [-0.11823, 0.916925, 0.381143], [-0.105784, -0.393281, 0.913312]]